254780444546
254732489561
254764915645
254751402554
254783003815
254737413738
254784450979
254787750582
254760736564
254767494440
254767043355
254783665674
254784372624
254739276587
254760613763
254764791083
254764926891
254787824323
254732881124
254754562097
254738086490
254784097475
254783003815
254787750582
254767494440
254751402554
254784450979
254767043355
254784372624
254737413738
254783665674
254760736564
254739276587
254764791083
254787824323
254732881124
254760613763
254738086490
254784097475
254764926891
254754562097
