254798149821
254727539685
254769590145
254715057763
254746240182
254746240182
254769590145
254727539685
254715057763
254726153566
254740154136
254711153579
254719423830
254795553195
254791330459
254746088429
254722259743
254797256226
254795416009
254798238820
254715191037
254797611818
254740557194
254796073620
254790722333
254729641543
254727539685
254746240182
254711153579
254769590145
254715057763
254719423830
254740154136
254726153566
254791330459
254795553195
254746088429
254797256226
254795416009
254798238820
254740557194
254796073620
254722259743
254797611818
254790722333
254715191037
254729641543
254794292202
254792483509
254792483509
254794292202
254792483509
254794292202
254794292202
254792483509
254794292202
254792483509
