255757652796
255762131406
255744000794
255746531319
255762671923
255751827780
255754130185
255750510296
255741889770
255747728042
255756459383
255745759706
255767046909
255746258435
255763527856
255758371841
255751371818
255740175947
255740311423
255747021200
255757652796
255762131406
255744000794
255762872274
255746531319
255751827780
255750510296
255762671923
255754130185
255748485928
255741889770
255756459383
255748102934
255746258435
255747728042
255745759706
255751371818
255767046909
255764447159
255763527856
255746986444
255758371841
255740311423
255747021200
255740175947
255753920056
255760116833
255756459356
255753475594
255764129415
255755280666
255768752888
255759153629
255748380861
